{
 "cells": [
  {
   "cell_type": "markdown",
   "metadata": {},
   "source": [
    "# 総合演習問題\n",
    "\n",
    "これまで学習したことを使って，総合演習問題を解いてみましょう．\n",
    "線形代数の活用として活用範囲の広い次のテーマを課題とします．\n",
    "\n",
    "1. 連立方程式のPA=LU分解による解法\n",
    "- 線形回帰分析\n",
    "- 主成分分析\n",
    "\n",
    "解答はJupyter notebook上でPythonのプログラムを作成してください．"
   ]
  },
  {
   "cell_type": "markdown",
   "metadata": {},
   "source": [
    "*****\n",
    "## 総合演習問題 - 1\n",
    "\n",
    "次の連立方程式の解を求めよ．\n",
    "\n",
    "$$\\left\\{\\begin{eqnarray}\n",
    " 2x_1 +  x_2 + 2x_3 -  x_4  &=& 1 \\\\\n",
    " 4x_1 + 2x_2 + 3x_3 -  x_4  &=& 1 \\\\\n",
    " 6x_1 + 5x_2 + 3x_3 -  x_4  &=& 2 \\\\\n",
    "-2x_1 - 3x_2 + 2x_3 - 2x_4  &=& 1 \\\\\n",
    "\\end{eqnarray} \\right.$$\n",
    "\n",
    "ヒント：Gaussの消去法によりPA=LU分解を行います．"
   ]
  },
  {
   "cell_type": "markdown",
   "metadata": {},
   "source": [
    "*****\n",
    "## 総合演習問題 - 2\n",
    "\n",
    "次のデータは，ある果物の糖度に対する試薬の効果を測定したものです．\n",
    "各行はそれぞれの条件で育成した各グループごとの平均値です．\n",
    "\n",
    "このデータを元にして，日照時間，平均気温，試薬量を説明変数として糖度を目的変数とする回帰直線の式を求めよ．\n",
    "\n",
    "| 糖度 | 日照時間 | 平均気温 | 試薬量 |\n",
    "| :---:|:---:| :---:| :---:|\n",
    "| 19.0 | 199 | 28.1 | 1.44 |\n",
    "| 17.9 | 206 | 18.0 | 1.32 |\n",
    "| 19.6 | 196 | 24.8 | 1.24 |\n",
    "| 16.1 | 163 | 19.7 | 1.47 |\n",
    "| 12.7 | 146 | 24.9 | 1.39 |\n",
    "| 14.4 | 158 | 18.4 | 1.43 |\n",
    "| 16.0 | 140 | 21.2 | 1.49 |\n",
    "| 21.9 | 210 | 26.0 | 1.47 |\n",
    "| 13.8 | 165 | 25.8 | 1.22 |\n",
    "| 19.0 | 217 | 17.5 | 1.35 |\n",
    "\n",
    "ただし，糖度を（日照時間，平均温度，試薬量）より構成される線形部分空間へ射影作用素を求めることを使って，Pythonで求めよ．  \n",
    "回帰直線の式は，\n",
    "\n",
    "> $[糖度] = 係数_1[日照時間] + 係数_2[平均温度] + 係数_3[試薬量] + 定数項$\n",
    "\n",
    "です．"
   ]
  },
  {
   "cell_type": "markdown",
   "metadata": {},
   "source": [
    "#### ヒント\n",
    "\n",
    "定数項も考慮して，回帰式の係数となる変数を $x_1$：日照時間，$x_2$：平均温度，$x_3$：試薬量，$x_4$：定数項，として，\n",
    "${\\bf x} =\n",
    "\\left(\\begin{array}{c}\n",
    "x_1 \\\\ x_2 \\\\ x_3 \\\\ x_4 \\\\\n",
    "\\end{array}\\right)$\n",
    "とします．  \n",
    "すると，これに対応する説明変数からなる係数行列$\\bf A$および，目的変数を$\\bf b$として，行列方程式${\\bf Ax}={\\bf b}$を定義します．  \n",
    "このとき，ベクトル$\\bf b$を係数行列$\\bf A$の列ベクトル空間へ射影したときの係数は，\n",
    "\n",
    "> ${\\bf x} = ({\\bf A}^\\mathsf{T}{\\bf A})^{-1}{\\bf A}^\\mathsf{T}{\\bf b}$\n",
    "\n",
    "となります．"
   ]
  },
  {
   "cell_type": "markdown",
   "metadata": {},
   "source": [
    "Pythonでデータ入力が必要になりますので，下記の記述をコピーしてご使用ください．\n",
    "\n",
    "```Python\n",
    "A = np.array([\n",
    "    [ 199, 28.1, 1.44, 1 ],\n",
    "    [ 206, 18.0, 1.32, 1 ],\n",
    "    [ 196, 24.8, 1.24, 1 ],\n",
    "    [ 163, 19.7, 1.47, 1 ],\n",
    "    [ 146, 24.9, 1.39, 1 ],\n",
    "    [ 158, 18.4, 1.43, 1 ],\n",
    "    [ 140, 21.2, 1.49, 1 ],\n",
    "    [ 210, 26.0, 1.47, 1 ],\n",
    "    [ 165, 25.8, 1.22, 1 ],\n",
    "    [ 217, 17.5, 1.35, 1 ]])\n",
    "\n",
    "b = np.array([19.0,17.9,19.6,16.1,12.7,14.4,16.0,21.9,13.8,19.0])\n",
    "```"
   ]
  },
  {
   "cell_type": "markdown",
   "metadata": {},
   "source": [
    "*****\n",
    "## 総合演習問題 - 3\n",
    "\n",
    "スポーツチームの選手の能力を測定したデータがあります．\n",
    "\n",
    "| 選手 | 判断力 | 協調力 | 俊敏力 | 技術力 | 持久力 |\n",
    "|:---:|:---:|:---:|:---:|:---:|:---:|:---:|\n",
    "| p01 | 7.08 | 7.82 | 7.21 | 7.23 | 7.00 |\n",
    "| p02 | 8.00 | 8.33 | 6.41 | 6.90 | 6.36 |\n",
    "| p03 | 7.17 | 7.18 | 7.08 | 6.70 | 6.89 |\n",
    "| p04 | 7.56 | 7.34 | 6.38 | 6.45 | 6.11 |\n",
    "| p05 | 6.75 | 6.35 | 6.71 | 7.05 | 6.53 |\n",
    "| p06 | 7.02 | 7.79 | 6.32 | 6.02 | 6.04 |\n",
    "| p07 | 7.96 | 8.02 | 5.87 | 5.75 | 5.36 |\n",
    "| p08 | 7.49 | 7.22 | 5.92 | 6.21 | 5.80 |\n",
    "| p09 | 7.48 | 7.58 | 5.81 | 5.77 | 5.75 |\n",
    "| p10 | 6.45 | 6.21 | 6.82 | 6.37 | 6.20 |\n",
    "| p11 | 6.24 | 7.03 | 5.78 | 6.20 | 5.95 |\n",
    "| p12 | 6.86 | 5.87 | 6.03 | 6.28 | 6.03 |\n",
    "| p13 | 6.16 | 6.96 | 6.18 | 5.84 | 5.77 |\n",
    "| p14 | 6.06 | 6.35 | 5.85 | 6.14 | 5.59 |\n",
    "| p15 | 6.59 | 6.25 | 5.68 | 5.74 | 5.72 |\n",
    "| p16 | 5.49 | 5.62 | 6.39 | 6.10 | 5.96 |\n",
    "| p17 | 6.16 | 6.43 | 5.48 | 5.59 | 5.74 |\n",
    "| p18 | 6.11 | 5.79 | 5.71 | 5.97 | 5.37 |\n",
    "| p19 | 5.92 | 5.97 | 4.69 | 4.83 | 4.65 |\n",
    "| p20 | 4.73 | 5.60 | 4.90 | 5.08 | 4.72 |\n",
    "\n",
    "このデータを主成分の2軸に縮約したデータを，線形代数の対角化理論を用いて求めよ．\n",
    "計算についてはPythonで行ってください．"
   ]
  },
  {
   "cell_type": "markdown",
   "metadata": {},
   "source": [
    "#### ヒント\n",
    "\n",
    "分散共分散行列を求めます．\n",
    "分散共分散行列は，対称行列になっているので，その固有値は正の実数になります．\n",
    "よって，分散共分散行列を対角化することにより，固有値と固有ベクトルを求めます．"
   ]
  },
  {
   "cell_type": "markdown",
   "metadata": {},
   "source": [
    "選手の能力のデータは次の記述をコピーしてご使用ください．\n",
    "\n",
    "```Python\n",
    "competency = np.array([\n",
    "    [7.08,8.00,7.17,7.56,6.75,7.02,7.96,7.49,7.48,6.45,6.24,6.86,6.16,6.06,6.59,5.49,6.16,6.11,5.92,4.73],\n",
    "    [7.82,8.33,7.18,7.34,6.35,7.79,8.02,7.22,7.58,6.21,7.03,5.87,6.96,6.35,6.25,5.62,6.43,5.79,5.97,5.60],\n",
    "    [7.21,6.41,7.08,6.38,6.71,6.32,5.87,5.92,5.81,6.82,5.78,6.03,6.18,5.85,5.68,6.39,5.48,5.71,4.69,4.90],\n",
    "    [7.23,6.90,6.70,6.45,7.05,6.02,5.75,6.21,5.77,6.37,6.20,6.28,5.84,6.14,5.74,6.10,5.59,5.97,4.83,5.08],\n",
    "    [7.00,6.36,6.89,6.11,6.53,6.04,5.36,5.80,5.75,6.20,5.95,6.03,5.77,5.59,5.72,5.96,5.74,5.37,4.65,4.72]])\n",
    "```"
   ]
  },
  {
   "cell_type": "markdown",
   "metadata": {},
   "source": [
    "*****\n",
    "これらの問題について，何も参照せずに解ける必要はありません．\n",
    "何かを参照して解決できることが重要です．\n",
    "このに載せた問題と似通った問題を，レクチャーの中で解説しています．\n",
    "それらを参考にしながら解いてください．"
   ]
  }
 ],
 "metadata": {
  "kernelspec": {
   "display_name": "Python 3",
   "language": "python",
   "name": "python3"
  },
  "language_info": {
   "codemirror_mode": {
    "name": "ipython",
    "version": 3
   },
   "file_extension": ".py",
   "mimetype": "text/x-python",
   "name": "python",
   "nbconvert_exporter": "python",
   "pygments_lexer": "ipython3",
   "version": "3.6.1"
  }
 },
 "nbformat": 4,
 "nbformat_minor": 2
}
