{
 "cells": [
  {
   "cell_type": "markdown",
   "metadata": {},
   "source": [
    "# 総合演習問題 - 3\n",
    "\n",
    "スポーツチームの選手の能力を測定したデータがあります．\n",
    "\n",
    "| 選手 | 判断力 | 協調力 | 俊敏力 | 技術力 | 持久力 |\n",
    "|:---:|:---:|:---:|:---:|:---:|:---:|:---:|\n",
    "| p01 | 7.08 | 7.82 | 7.21 | 7.23 | 7.00 |\n",
    "| p02 | 8.00 | 8.33 | 6.41 | 6.90 | 6.36 |\n",
    "| p03 | 7.17 | 7.18 | 7.08 | 6.70 | 6.89 |\n",
    "| p04 | 7.56 | 7.34 | 6.38 | 6.45 | 6.11 |\n",
    "| p05 | 6.75 | 6.35 | 6.71 | 7.05 | 6.53 |\n",
    "| p06 | 7.02 | 7.79 | 6.32 | 6.02 | 6.04 |\n",
    "| p07 | 7.96 | 8.02 | 5.87 | 5.75 | 5.36 |\n",
    "| p08 | 7.49 | 7.22 | 5.92 | 6.21 | 5.80 |\n",
    "| p09 | 7.48 | 7.58 | 5.81 | 5.77 | 5.75 |\n",
    "| p10 | 6.45 | 6.21 | 6.82 | 6.37 | 6.20 |\n",
    "| p11 | 6.24 | 7.03 | 5.78 | 6.20 | 5.95 |\n",
    "| p12 | 6.86 | 5.87 | 6.03 | 6.28 | 6.03 |\n",
    "| p13 | 6.16 | 6.96 | 6.18 | 5.84 | 5.77 |\n",
    "| p14 | 6.06 | 6.35 | 5.85 | 6.14 | 5.59 |\n",
    "| p15 | 6.59 | 6.25 | 5.68 | 5.74 | 5.72 |\n",
    "| p16 | 5.49 | 5.62 | 6.39 | 6.10 | 5.96 |\n",
    "| p17 | 6.16 | 6.43 | 5.48 | 5.59 | 5.74 |\n",
    "| p18 | 6.11 | 5.79 | 5.71 | 5.97 | 5.37 |\n",
    "| p19 | 5.92 | 5.97 | 4.69 | 4.83 | 4.65 |\n",
    "| p20 | 4.73 | 5.60 | 4.90 | 5.08 | 4.72 |\n",
    "\n",
    "このデータを主成分の2軸に縮約したデータを，線形代数の対角化理論を用いて求めよ．\n",
    "計算についてはPythonで行ってください．"
   ]
  },
  {
   "cell_type": "markdown",
   "metadata": {},
   "source": [
    "#### ヒント\n",
    "\n",
    "分散共分散行列を求めます．\n",
    "分散共分散行列は，対称行列になっているので，その固有値は正の実数になります．\n",
    "よって，分散共分散行列を対角化することにより，固有値と固有ベクトルを求めます．"
   ]
  },
  {
   "cell_type": "markdown",
   "metadata": {},
   "source": [
    "選手の能力のデータは次の記述をコピーしてご使用ください．\n",
    "\n",
    "```Python\n",
    "competency = np.array([\n",
    "    [7.08,8.00,7.17,7.56,6.75,7.02,7.96,7.49,7.48,6.45,6.24,6.86,6.16,6.06,6.59,5.49,6.16,6.11,5.92,4.73],\n",
    "    [7.82,8.33,7.18,7.34,6.35,7.79,8.02,7.22,7.58,6.21,7.03,5.87,6.96,6.35,6.25,5.62,6.43,5.79,5.97,5.60],\n",
    "    [7.21,6.41,7.08,6.38,6.71,6.32,5.87,5.92,5.81,6.82,5.78,6.03,6.18,5.85,5.68,6.39,5.48,5.71,4.69,4.90],\n",
    "    [7.23,6.90,6.70,6.45,7.05,6.02,5.75,6.21,5.77,6.37,6.20,6.28,5.84,6.14,5.74,6.10,5.59,5.97,4.83,5.08],\n",
    "    [7.00,6.36,6.89,6.11,6.53,6.04,5.36,5.80,5.75,6.20,5.95,6.03,5.77,5.59,5.72,5.96,5.74,5.37,4.65,4.72]])\n",
    "```"
   ]
  },
  {
   "cell_type": "markdown",
   "metadata": {},
   "source": [
    "*****\n",
    "## 解答\n",
    "\n",
    "まず最初にNumPyライブラリーをインポートします．\n",
    "\n",
    "```Python\n",
    "import numpy as np\n",
    "```"
   ]
  },
  {
   "cell_type": "code",
   "execution_count": 1,
   "metadata": {
    "collapsed": true
   },
   "outputs": [],
   "source": [
    "import numpy as np"
   ]
  },
  {
   "cell_type": "markdown",
   "metadata": {},
   "source": [
    "選手の能力のデータをnumpyの配列として定義します．\n",
    "\n",
    "```Python\n",
    "competency = np.array([\n",
    "    [7.08,8.00,7.17,7.56,6.75,7.02,7.96,7.49,7.48,6.45,6.24,6.86,6.16,6.06,6.59,5.49,6.16,6.11,5.92,4.73],\n",
    "    [7.82,8.33,7.18,7.34,6.35,7.79,8.02,7.22,7.58,6.21,7.03,5.87,6.96,6.35,6.25,5.62,6.43,5.79,5.97,5.60],\n",
    "    [7.21,6.41,7.08,6.38,6.71,6.32,5.87,5.92,5.81,6.82,5.78,6.03,6.18,5.85,5.68,6.39,5.48,5.71,4.69,4.90],\n",
    "    [7.23,6.90,6.70,6.45,7.05,6.02,5.75,6.21,5.77,6.37,6.20,6.28,5.84,6.14,5.74,6.10,5.59,5.97,4.83,5.08],\n",
    "    [7.00,6.36,6.89,6.11,6.53,6.04,5.36,5.80,5.75,6.20,5.95,6.03,5.77,5.59,5.72,5.96,5.74,5.37,4.65,4.72]])\n",
    "```"
   ]
  },
  {
   "cell_type": "code",
   "execution_count": 2,
   "metadata": {
    "collapsed": true
   },
   "outputs": [],
   "source": [
    "competency = np.array([\n",
    "    [7.08,8.00,7.17,7.56,6.75,7.02,7.96,7.49,7.48,6.45,6.24,6.86,6.16,6.06,6.59,5.49,6.16,6.11,5.92,4.73],\n",
    "    [7.82,8.33,7.18,7.34,6.35,7.79,8.02,7.22,7.58,6.21,7.03,5.87,6.96,6.35,6.25,5.62,6.43,5.79,5.97,5.60],\n",
    "    [7.21,6.41,7.08,6.38,6.71,6.32,5.87,5.92,5.81,6.82,5.78,6.03,6.18,5.85,5.68,6.39,5.48,5.71,4.69,4.90],\n",
    "    [7.23,6.90,6.70,6.45,7.05,6.02,5.75,6.21,5.77,6.37,6.20,6.28,5.84,6.14,5.74,6.10,5.59,5.97,4.83,5.08],\n",
    "    [7.00,6.36,6.89,6.11,6.53,6.04,5.36,5.80,5.75,6.20,5.95,6.03,5.77,5.59,5.72,5.96,5.74,5.37,4.65,4.72]])"
   ]
  },
  {
   "cell_type": "markdown",
   "metadata": {},
   "source": [
    "分散共分散行列をnumpy.cov(competency,bias=True)によって求めます．\n",
    "\n",
    "```Python\n",
    "Cov = np.cov(competency,bias=True)\n",
    "Cov\n",
    "```"
   ]
  },
  {
   "cell_type": "code",
   "execution_count": 3,
   "metadata": {},
   "outputs": [
    {
     "data": {
      "text/plain": [
       "array([[ 0.665004  ,  0.558538  ,  0.236881  ,  0.244626  ,  0.234127  ],\n",
       "       [ 0.558538  ,  0.68718475,  0.2147045 ,  0.2042345 ,  0.2127265 ],\n",
       "       [ 0.236881  ,  0.2147045 ,  0.392309  ,  0.328349  ,  0.340543  ],\n",
       "       [ 0.244626  ,  0.2042345 ,  0.328349  ,  0.339689  ,  0.311778  ],\n",
       "       [ 0.234127  ,  0.2127265 ,  0.340543  ,  0.311778  ,  0.334781  ]])"
      ]
     },
     "execution_count": 3,
     "metadata": {},
     "output_type": "execute_result"
    }
   ],
   "source": [
    "Cov = np.cov(competency,bias=True)\n",
    "Cov"
   ]
  },
  {
   "cell_type": "markdown",
   "metadata": {},
   "source": [
    "分散共分散行列の固有値と固有ベクトルをnumpy.linalg.eig()関数によって求めます．\n",
    "\n",
    "```Python\n",
    "eigen_values,eigen_vectors = np.linalg.eig(Cov)\n",
    "```"
   ]
  },
  {
   "cell_type": "code",
   "execution_count": 4,
   "metadata": {
    "collapsed": true
   },
   "outputs": [],
   "source": [
    "eigen_values,eigen_vectors = np.linalg.eig(Cov)"
   ]
  },
  {
   "cell_type": "markdown",
   "metadata": {},
   "source": [
    "固有値を確認します．\n",
    "\n",
    "```Python\n",
    "eigen_values\n",
    "```"
   ]
  },
  {
   "cell_type": "code",
   "execution_count": 5,
   "metadata": {},
   "outputs": [
    {
     "data": {
      "text/plain": [
       "array([ 1.68393113,  0.5644221 ,  0.11671932,  0.03483811,  0.01905709])"
      ]
     },
     "execution_count": 5,
     "metadata": {},
     "output_type": "execute_result"
    }
   ],
   "source": [
    "eigen_values"
   ]
  },
  {
   "cell_type": "markdown",
   "metadata": {},
   "source": [
    "固有値および寄与率，累積寄与率をまとめると次表になります．\n",
    "固有値の並び順は，偶然ですが降順になっています．\n",
    "\n",
    "|  | 固有値 | 寄与率 | 累積寄与率 | 配列のインデックス |\n",
    "|:---:|:---:|:---:|:---:|:---:|\n",
    "| $\\lambda_1$ | 1.684 | 69.6 % | 69.6 % | 0 |\n",
    "| $\\lambda_2$ | 0.564 | 23.3 % | 92.9 % | 1 |\n",
    "| $\\lambda_3$ | 0.117 |  4.8 % | 97.8 % | 2 |\n",
    "| $\\lambda_4$ | 0.035 |  1.4 % | 99.2 % | 3 |\n",
    "| $\\lambda_5$ | 0.019 |  0.9 % |  100 % | 4 |\n",
    "\n",
    "固有ベクトルを確認します．\n",
    "\n",
    "```Python\n",
    "eigen_vectors\n",
    "```"
   ]
  },
  {
   "cell_type": "code",
   "execution_count": 6,
   "metadata": {},
   "outputs": [
    {
     "data": {
      "text/plain": [
       "array([[ 0.55338237,  0.3939371 ,  0.724545  ,  0.11441119,  0.02293762],\n",
       "       [ 0.54163078,  0.4987323 , -0.67089838, -0.08146401, -0.03407599],\n",
       "       [ 0.37749405, -0.48551445, -0.10938394,  0.63083706, -0.4602757 ],\n",
       "       [ 0.35860585, -0.42099166,  0.08563058, -0.76182108, -0.32628808],\n",
       "       [ 0.35958885, -0.42792685, -0.07504976,  0.04412411,  0.82461813]])"
      ]
     },
     "execution_count": 6,
     "metadata": {},
     "output_type": "execute_result"
    }
   ],
   "source": [
    "eigen_vectors"
   ]
  },
  {
   "cell_type": "markdown",
   "metadata": {},
   "source": [
    "第1主成分である固有ベクトルは，eigen_vectors[:,0]となります．\n",
    "\n",
    "```Python\n",
    "eigen_vectors[:,0]\n",
    "```"
   ]
  },
  {
   "cell_type": "code",
   "execution_count": 7,
   "metadata": {},
   "outputs": [
    {
     "data": {
      "text/plain": [
       "array([ 0.55338237,  0.54163078,  0.37749405,  0.35860585,  0.35958885])"
      ]
     },
     "execution_count": 7,
     "metadata": {},
     "output_type": "execute_result"
    }
   ],
   "source": [
    "eigen_vectors[:,0]"
   ]
  },
  {
   "cell_type": "markdown",
   "metadata": {},
   "source": [
    "各選手の第1主成分の値は，eigen_vectors[:,0]とcompetencyの積となります．\n",
    "\n",
    "```Python\n",
    "eigen_vectors[:,0].dot(competency)\n",
    "```"
   ]
  },
  {
   "cell_type": "code",
   "execution_count": 8,
   "metadata": {},
   "outputs": [
    {
     "data": {
      "text/plain": [
       "array([ 15.9850742 ,  16.11994564,  15.40954482,  15.07764826,\n",
       "        14.58395794,  14.82053425,  14.95407244,  14.60273059,\n",
       "        14.57489349,  14.02112297,  13.80559589,  13.67223034,\n",
       "        13.68058466,  13.21313438,  13.29139418,  12.82486639,\n",
       "        13.02883539,  12.74456855,  11.68416087,  11.01932889])"
      ]
     },
     "execution_count": 8,
     "metadata": {},
     "output_type": "execute_result"
    }
   ],
   "source": [
    "eigen_vectors[:,0].dot(competency)"
   ]
  },
  {
   "cell_type": "markdown",
   "metadata": {},
   "source": [
    "第2主成分である固有ベクトルは，eigen_vectors[:,1]となります．\n",
    "\n",
    "```Python\n",
    "eigen_vectors[:,1]\n",
    "```"
   ]
  },
  {
   "cell_type": "code",
   "execution_count": 9,
   "metadata": {},
   "outputs": [
    {
     "data": {
      "text/plain": [
       "array([ 0.3939371 ,  0.4987323 , -0.48551445, -0.42099166, -0.42792685])"
      ]
     },
     "execution_count": 9,
     "metadata": {},
     "output_type": "execute_result"
    }
   ],
   "source": [
    "eigen_vectors[:,1]"
   ]
  },
  {
   "cell_type": "markdown",
   "metadata": {},
   "source": [
    "各選手の第2主成分の値は，eigen_vectors[:,1]とcompetencyとの積となります．\n",
    "\n",
    "```Python\n",
    "eigen_vectors[:,1].dot(competency)\n",
    "```"
   ]
  },
  {
   "cell_type": "code",
   "execution_count": 10,
   "metadata": {},
   "outputs": [
    {
     "data": {
      "text/plain": [
       "array([-2.85065553, -1.43266793, -2.80107545, -1.78875184, -3.19412992,\n",
       "       -1.53693618, -0.42878736, -1.41914335, -0.98349983, -3.00804997,\n",
       "       -1.99833095, -2.52191151, -2.03037913, -2.26305044, -1.90883338,\n",
       "       -3.25534024, -1.83676142, -2.28895916, -0.99077284, -1.88124977])"
      ]
     },
     "execution_count": 10,
     "metadata": {},
     "output_type": "execute_result"
    }
   ],
   "source": [
    "eigen_vectors[:,1].dot(competency)"
   ]
  },
  {
   "cell_type": "markdown",
   "metadata": {},
   "source": [
    "各選手の能力データについて，第1主成分と第2主成分によって近似したデータは次式で求められます．\n",
    "\n",
    "細かいことですが，eigen_vectors[:,0]とeigen_vectors[:,0:1]では配列の構造が異なります．\n",
    "このインデックスの使い方を間違えると，プログラムは動かなくなりますので，注意が必要です．\n",
    "\n",
    "```Python\n",
    "eigen_vectors[:,0].dot(competency)*eigen_vectors[:,0:1] + \\\n",
    "eigen_vectors[:,1].dot(competency)*eigen_vectors[:,1:2]\n",
    "```"
   ]
  },
  {
   "cell_type": "code",
   "execution_count": 11,
   "metadata": {},
   "outputs": [
    {
     "data": {
      "text/plain": [
       "array([[ 7.72287926,  8.35611267,  7.42392287,  7.63904901,  6.81221892,\n",
       "         7.59596618,  8.10640479,  7.52184044,  7.67805202,  6.57405976,\n",
       "         6.85255666,  6.57249671,  6.77075269,  6.42041608,  6.60326291,\n",
       "         5.81465565,  6.48635933,  6.1509136 ,  6.07550645,  5.35680825],\n",
       "       [ 7.23629415,  8.01654089,  6.94929691,  7.27441001,  6.30610469,\n",
       "         7.26073775,  7.88573575,  7.20151568,  7.40370774,  6.09406003,\n",
       "         6.48090342,  6.147542  ,  6.39721003,  6.02798387,  6.24703128,\n",
       "         5.322799  ,  6.14076597,  5.76127268,  5.8343707 ,  5.03016763],\n",
       "       [ 7.41830487,  6.78076457,  7.17697411,  6.56018739,  7.0561536 ,\n",
       "         6.34086824,  5.85325585,  6.20145853,  5.97943897,  6.75334224,\n",
       "         6.18174887,  6.3856101 ,  6.15011773,  6.08662332,  5.94418842,\n",
       "         6.4218255 ,  5.81008206,  5.92232156,  4.89173575,  5.07310505],\n",
       "       [ 6.93244332,  6.38384805,  6.70518231,  6.15998247,  6.57459468,\n",
       "         5.96176759,  5.54313376,  5.83407212,  5.64068729,  6.29442066,\n",
       "         5.79204811,  5.96464549,  5.76071037,  5.69103264,  5.56997463,\n",
       "         5.9695432 ,  5.44547782,  5.53390955,  4.60711554,  4.74358626],\n",
       "       [ 6.96792649,  6.40962979,  6.7397559 ,  6.18720914,  6.61108262,\n",
       "         5.98699513,  5.56080733,  5.85826864,  5.66183517,  6.32906484,\n",
       "         5.81947782,  5.99557524,  5.78823945,  5.71971584,  5.5962782 ,\n",
       "         6.00472646,  5.47102346,  5.56231184,  4.62547227,  4.7674651 ]])"
      ]
     },
     "execution_count": 11,
     "metadata": {},
     "output_type": "execute_result"
    }
   ],
   "source": [
    "eigen_vectors[:,0].dot(competency)*eigen_vectors[:,0:1] + \\\n",
    "eigen_vectors[:,1].dot(competency)*eigen_vectors[:,1:2]"
   ]
  },
  {
   "cell_type": "markdown",
   "metadata": {},
   "source": [
    "以上で固有値および固有ベクトルを求める方法による主成分分析が完了しました．\n",
    "\n",
    "おまけで，scikit-learnによる解法も追記します．"
   ]
  },
  {
   "cell_type": "markdown",
   "metadata": {},
   "source": [
    "*****\n",
    "## scikit-learnによる解法\n",
    "\n",
    "scikit-learn機械学習パッケージsklearn.decompositionライブラリーにあるPCAモジュールを使用した解法について説明します．\n",
    "\n",
    "まずPCAモジュールをインポートして，PCAオブジェクトを定義します．\n",
    "そして，このオブジェクトに選手の能力データを渡します．このとき，引数の縦横の仕様に注意して，competency.Tを渡します．\n",
    "\n",
    "```Python\n",
    "from sklearn.decomposition import PCA\n",
    "pca = PCA()\n",
    "pca.fit(competency.T)\n",
    "```"
   ]
  },
  {
   "cell_type": "code",
   "execution_count": 12,
   "metadata": {},
   "outputs": [
    {
     "data": {
      "text/plain": [
       "PCA(copy=True, iterated_power='auto', n_components=None, random_state=None,\n",
       "  svd_solver='auto', tol=0.0, whiten=False)"
      ]
     },
     "execution_count": 12,
     "metadata": {},
     "output_type": "execute_result"
    }
   ],
   "source": [
    "from sklearn.decomposition import PCA\n",
    "pca = PCA()\n",
    "pca.fit(competency.T)"
   ]
  },
  {
   "cell_type": "markdown",
   "metadata": {},
   "source": [
    "主成分となる固有値は，pca.explained_variance\\_ に格納されています．\n",
    "\n",
    "```Python\n",
    "pca.explained_variance_\n",
    "```"
   ]
  },
  {
   "cell_type": "code",
   "execution_count": 13,
   "metadata": {},
   "outputs": [
    {
     "data": {
      "text/plain": [
       "array([ 1.68393113,  0.5644221 ,  0.11671932,  0.03483811,  0.01905709])"
      ]
     },
     "execution_count": 13,
     "metadata": {},
     "output_type": "execute_result"
    }
   ],
   "source": [
    "pca.explained_variance_"
   ]
  },
  {
   "cell_type": "markdown",
   "metadata": {},
   "source": [
    "主成分の寄与率については，pca.explained_variance_ratio\\_ に格納されています．\n",
    "\n",
    "```python\n",
    "pca.explained_variance_ratio_\n",
    "```"
   ]
  },
  {
   "cell_type": "code",
   "execution_count": 14,
   "metadata": {},
   "outputs": [
    {
     "data": {
      "text/plain": [
       "array([ 0.69613625,  0.2333318 ,  0.0482517 ,  0.01440206,  0.00787819])"
      ]
     },
     "execution_count": 14,
     "metadata": {},
     "output_type": "execute_result"
    }
   ],
   "source": [
    "pca.explained_variance_ratio_"
   ]
  },
  {
   "cell_type": "markdown",
   "metadata": {},
   "source": [
    "固有ベクトルは，pca.components\\_ に格納されています．\n",
    "固有ベクトルの並び順は，固有値の並び順と同じです．\n",
    "\n",
    "```Pthon\n",
    "pca.components_\n",
    "```"
   ]
  },
  {
   "cell_type": "code",
   "execution_count": 15,
   "metadata": {},
   "outputs": [
    {
     "data": {
      "text/plain": [
       "array([[-0.55338237, -0.54163078, -0.37749405, -0.35860585, -0.35958885],\n",
       "       [ 0.3939371 ,  0.4987323 , -0.48551445, -0.42099166, -0.42792685],\n",
       "       [ 0.724545  , -0.67089838, -0.10938394,  0.08563058, -0.07504976],\n",
       "       [-0.11441119,  0.08146401, -0.63083706,  0.76182108, -0.04412411],\n",
       "       [ 0.02293762, -0.03407599, -0.4602757 , -0.32628808,  0.82461813]])"
      ]
     },
     "execution_count": 15,
     "metadata": {},
     "output_type": "execute_result"
    }
   ],
   "source": [
    "pca.components_"
   ]
  },
  {
   "cell_type": "markdown",
   "metadata": {},
   "source": [
    "各選手の能力データについて，第1主成分と第2主成分によって近似したデータは次式で求められます．\n",
    "\n",
    "この命令文のなかでreshape(5,1)メソッドはnumpyの配列の再配置を行うものです．\n",
    "プログラムによる実践では，このような小技が必要になってきます．\n",
    "\n",
    "```Pyython\n",
    "pca.components_[0].dot(competency)*pca.components_[0].reshape(5,1) + \\\n",
    "pca.components_[1].dot(competency)*pca.components_[1].reshape(5,1)\n",
    "```"
   ]
  },
  {
   "cell_type": "code",
   "execution_count": 16,
   "metadata": {},
   "outputs": [
    {
     "data": {
      "text/plain": [
       "array([[ 7.72287926,  8.35611267,  7.42392287,  7.63904901,  6.81221892,\n",
       "         7.59596618,  8.10640479,  7.52184044,  7.67805202,  6.57405976,\n",
       "         6.85255666,  6.57249671,  6.77075269,  6.42041608,  6.60326291,\n",
       "         5.81465565,  6.48635933,  6.1509136 ,  6.07550645,  5.35680825],\n",
       "       [ 7.23629415,  8.01654089,  6.94929691,  7.27441001,  6.30610469,\n",
       "         7.26073775,  7.88573575,  7.20151568,  7.40370774,  6.09406003,\n",
       "         6.48090342,  6.147542  ,  6.39721003,  6.02798387,  6.24703128,\n",
       "         5.322799  ,  6.14076597,  5.76127268,  5.8343707 ,  5.03016763],\n",
       "       [ 7.41830487,  6.78076457,  7.17697411,  6.56018739,  7.0561536 ,\n",
       "         6.34086824,  5.85325585,  6.20145853,  5.97943897,  6.75334224,\n",
       "         6.18174887,  6.3856101 ,  6.15011773,  6.08662332,  5.94418842,\n",
       "         6.4218255 ,  5.81008206,  5.92232156,  4.89173575,  5.07310505],\n",
       "       [ 6.93244332,  6.38384805,  6.70518231,  6.15998247,  6.57459468,\n",
       "         5.96176759,  5.54313376,  5.83407212,  5.64068729,  6.29442066,\n",
       "         5.79204811,  5.96464549,  5.76071037,  5.69103264,  5.56997463,\n",
       "         5.9695432 ,  5.44547782,  5.53390955,  4.60711554,  4.74358626],\n",
       "       [ 6.96792649,  6.40962979,  6.7397559 ,  6.18720914,  6.61108262,\n",
       "         5.98699513,  5.56080733,  5.85826864,  5.66183517,  6.32906484,\n",
       "         5.81947782,  5.99557524,  5.78823945,  5.71971584,  5.5962782 ,\n",
       "         6.00472646,  5.47102346,  5.56231184,  4.62547227,  4.7674651 ]])"
      ]
     },
     "execution_count": 16,
     "metadata": {},
     "output_type": "execute_result"
    }
   ],
   "source": [
    "pca.components_[0].dot(competency)*pca.components_[0].reshape(5,1) + \\\n",
    "pca.components_[1].dot(competency)*pca.components_[1].reshape(5,1)"
   ]
  },
  {
   "cell_type": "markdown",
   "metadata": {},
   "source": [
    "以上で，scikit-learnのPCAモジュールによる解法を終了します．\n",
    "\n",
    "*****"
   ]
  }
 ],
 "metadata": {
  "kernelspec": {
   "display_name": "Python 3",
   "language": "python",
   "name": "python3"
  },
  "language_info": {
   "codemirror_mode": {
    "name": "ipython",
    "version": 3
   },
   "file_extension": ".py",
   "mimetype": "text/x-python",
   "name": "python",
   "nbconvert_exporter": "python",
   "pygments_lexer": "ipython3",
   "version": "3.6.1"
  }
 },
 "nbformat": 4,
 "nbformat_minor": 2
}
